UNITS=MM

#Feature symbol names
$0 r609.6
$1 r3048.0
$2 rect1016.0x1524.0
$3 rect368.427x324.0024
$4 rect499.999x799.9984
$5 oval364.0074x767.0038
$6 rect699.9986x899.9982
$7 r199.9996
$8 s799.9984
$9 rect824.992x199.9996
$10 rect199.9996x824.992
$11 s6399.9872
$12 rect303.1236x324.0024
$13 rect249.9995x1449.99964
$14 rect565.658x540.004
$15 oval199.9996x450.0118
$16 oval450.0118x199.9996
$17 s899.9982
$18 r1200.00014
$19 r499.999
$20 r599.9988
$21 r102.00132
$22 r152.4
$23 r101.6
$24 r254.0
$25 r203.2
$26 r762.0

#Feature attribute names
@0 .smd
@1 .pad_usage

#Layer features
S P 718
OB 8.54249498 -22.5648012 I
OS 8.54249498 -21.26809056
OS 9.1159584 -21.26809056
OS 9.1159584 -22.5648012
OS 8.54249498 -22.5648012
OE
SE
P 17.4138463 -19.80074272 0 P 756 0 ;0,1=0
P 4.3688 -17.3736 0 P 758 0 ;0,1=0
P 18.29410616 -16.767302 0 P 766 0 ;0,1=0
P 0.9652 -7.1628 1 P 768 0 ;1=0
P 23.6728 -17.3228 1 P 776 0 ;1=0
P 0.508 -17.2212 1 P 784 0 ;1=0
P 5.4356 -21.59 2 P 804 0 ;0,1=0
P 18.31848 -12.954 3 P 810 2 ;0,1=0
P 18.86712 -12.954 3 P 812 2 ;0,1=0
P 5.66928 -12.4968 3 P 814 2 ;0,1=0
P 6.21792 -12.4968 3 P 816 2 ;0,1=0
P 6.9596 -9.72312 3 P 818 1 ;0,1=0
P 6.9596 -9.17448 3 P 820 1 ;0,1=0
P 4.706874 -16.027146 4 P 822 3 ;0,1=0
P 4.706874 -15.2273 4 P 825 3 ;0,1=0
P 4.706874 -14.4272 4 P 828 3 ;0,1=0
P 4.706874 -13.6271 4 P 831 3 ;0,1=0
P 4.706874 -12.827254 4 P 834 3 ;0,1=0
P 2.506726 -12.827254 4 P 837 3 ;0,1=0
P 2.506726 -13.6271 4 P 840 3 ;0,1=0
P 2.506726 -14.4272 4 P 843 3 ;0,1=0
P 2.506726 -15.2273 4 P 846 3 ;0,1=0
P 2.506726 -16.027146 4 P 849 3 ;0,1=0
P 18.31848 -13.716 3 P 852 2 ;0,1=0
P 18.86712 -13.716 3 P 854 2 ;0,1=0
P 17.96288 -9.4996 3 P 856 2 ;0,1=0
P 18.51152 -9.4996 3 P 858 2 ;0,1=0
P 6.92891934 -10.5166033 3 P 860 0 ;0,1=0
P 6.38027934 -10.5166033 3 P 862 0 ;0,1=0
P 15.32128 -19.3548 3 P 864 2 ;0,1=0
P 15.86992 -19.3548 3 P 866 2 ;0,1=0
P 6.12648 -16.256 3 P 868 2 ;0,1=0
P 6.67512 -16.256 3 P 870 2 ;0,1=0
P 11.98727092 -20.65517332 5 P 872 1 ;0,1=0
P 11.98727092 -21.30541332 5 P 875 1 ;0,1=0
P 11.98727092 -21.95539932 5 P 878 1 ;0,1=0
P 11.98727092 -22.60538532 5 P 881 1 ;0,1=0
P 14.50441092 -22.60538532 5 P 884 1 ;0,1=0
P 14.50441092 -21.95539932 5 P 887 1 ;0,1=0
P 14.50441092 -21.30541332 5 P 890 1 ;0,1=0
P 14.50441092 -20.65517332 5 P 893 1 ;0,1=0
P 6.12648 -15.3416 3 P 896 2 ;0,1=0
P 6.67512 -15.3416 3 P 898 2 ;0,1=0
P 6.67512 -17.78 3 P 900 0 ;0,1=0
P 6.12648 -17.78 3 P 902 0 ;0,1=0
P 6.67451802 -17.01840132 3 P 904 0 ;0,1=0
P 6.12587802 -17.01840132 3 P 906 0 ;0,1=0
P 16.59128 -22.2504 3 P 908 2 ;0,1=0
P 17.13992 -22.2504 3 P 910 2 ;0,1=0
P 16.99768 -18.9484 3 P 912 2 ;0,1=0
P 17.54632 -18.9484 3 P 914 2 ;0,1=0
P 16.99768 -18.1864 3 P 916 2 ;0,1=0
P 17.54632 -18.1864 3 P 918 2 ;0,1=0
P 4.4196 -9.5504 6 P 935 3 ;0,1=0
P 4.4196 -8.2296 6 P 938 3 ;0,1=0
P 2.3876 -8.89 6 P 941 3 ;0,1=0
P 18.31848 -14.478 3 P 944 2 ;0,1=0
P 18.86712 -14.478 3 P 946 2 ;0,1=0
P 20.470622 -18.560542 3 P 948 1 ;0,1=0
P 20.470622 -18.011902 3 P 950 1 ;0,1=0
P 20.470622 -17.188942 3 P 952 1 ;0,1=0
P 20.470622 -16.640302 3 P 954 1 ;0,1=0
P 21.7569034 -17.44228668 7 P 956 1 ;0,1=0
P 21.7569034 -17.84208268 7 P 958 1 ;0,1=0
P 21.3571074 -17.44228668 7 P 960 1 ;0,1=0
P 21.3571074 -17.84208268 7 P 962 1 ;0,1=0
P 14.49832 -19.9136 3 P 964 0 ;0,1=0
P 13.94968 -19.9136 3 P 966 0 ;0,1=0
P 0.91770454 -13.50006698 8 P 968 0 ;0,1=0
P 0.91059254 -11.90113698 8 P 971 0 ;0,1=0
P 23.57450454 -13.50006698 8 P 974 0 ;0,1=0
P 23.56739254 -11.90113698 8 P 977 0 ;0,1=0
P 8.40368906 -11.07567762 9 P 980 0 ;0,1=0
P 8.40368906 -11.47547362 9 P 982 0 ;0,1=0
P 8.40368906 -11.87552362 9 P 984 0 ;0,1=0
P 8.40368906 -12.27557362 9 P 986 0 ;0,1=0
P 8.40368906 -12.67562362 9 P 988 0 ;0,1=0
P 8.40368906 -13.07567362 9 P 990 0 ;0,1=0
P 8.40368906 -13.47546962 9 P 992 0 ;0,1=0
P 8.40368906 -13.87551962 9 P 994 0 ;0,1=0
P 8.40368906 -14.27556962 9 P 996 0 ;0,1=0
P 8.40368906 -14.67561962 9 P 998 0 ;0,1=0
P 8.40368906 -15.07566962 9 P 1000 0 ;0,1=0
P 8.40368906 -15.47546562 9 P 1002 0 ;0,1=0
P 8.40368906 -15.87551562 9 P 1004 0 ;0,1=0
P 8.40368906 -16.27556562 9 P 1006 0 ;0,1=0
P 8.40368906 -16.67561562 9 P 1008 0 ;0,1=0
P 8.40368906 -17.07566562 9 P 1010 0 ;0,1=0
P 8.40368906 -17.47546162 9 P 1012 0 ;0,1=0
P 9.09126706 -18.16303962 10 P 1014 0 ;0,1=0
P 9.49106306 -18.16303962 10 P 1016 0 ;0,1=0
P 9.89111306 -18.16303962 10 P 1018 0 ;0,1=0
P 10.29116306 -18.16303962 10 P 1020 0 ;0,1=0
P 10.69121306 -18.16303962 10 P 1022 0 ;0,1=0
P 11.09126306 -18.16303962 10 P 1024 0 ;0,1=0
P 11.49105906 -18.16303962 10 P 1026 0 ;0,1=0
P 11.89110906 -18.16303962 10 P 1028 0 ;0,1=0
P 12.29115906 -18.16303962 10 P 1030 0 ;0,1=0
P 12.69120906 -18.16303962 10 P 1032 0 ;0,1=0
P 13.09125906 -18.16303962 10 P 1034 0 ;0,1=0
P 13.49105506 -18.16303962 10 P 1036 0 ;0,1=0
P 13.89110506 -18.16303962 10 P 1038 0 ;0,1=0
P 14.29115506 -18.16303962 10 P 1040 0 ;0,1=0
P 14.69120506 -18.16303962 10 P 1042 0 ;0,1=0
P 15.09125506 -18.16303962 10 P 1044 0 ;0,1=0
P 15.49105106 -18.16303962 10 P 1046 0 ;0,1=0
P 16.17862906 -17.47546162 9 P 1048 0 ;0,1=0
P 16.17862906 -17.07566562 9 P 1050 0 ;0,1=0
P 16.17862906 -16.67561562 9 P 1052 0 ;0,1=0
P 16.17862906 -16.27556562 9 P 1054 0 ;0,1=0
P 16.17862906 -15.87551562 9 P 1056 0 ;0,1=0
P 16.17862906 -15.47546562 9 P 1058 0 ;0,1=0
P 16.17862906 -15.07566962 9 P 1060 0 ;0,1=0
P 16.17862906 -14.67561962 9 P 1062 0 ;0,1=0
P 16.17862906 -14.27556962 9 P 1064 0 ;0,1=0
P 16.17862906 -13.87551962 9 P 1066 0 ;0,1=0
P 16.17862906 -13.47546962 9 P 1068 0 ;0,1=0
P 16.17862906 -13.07567362 9 P 1070 0 ;0,1=0
P 16.17862906 -12.67562362 9 P 1072 0 ;0,1=0
P 16.17862906 -12.27557362 9 P 1074 0 ;0,1=0
P 16.17862906 -11.87552362 9 P 1076 0 ;0,1=0
P 16.17862906 -11.47547362 9 P 1078 0 ;0,1=0
P 16.17862906 -11.07567762 9 P 1080 0 ;0,1=0
P 15.49105106 -10.38809962 10 P 1082 0 ;0,1=0
P 15.09125506 -10.38809962 10 P 1084 0 ;0,1=0
P 14.69120506 -10.38809962 10 P 1086 0 ;0,1=0
P 14.29115506 -10.38809962 10 P 1088 0 ;0,1=0
P 13.89110506 -10.38809962 10 P 1090 0 ;0,1=0
P 13.49105506 -10.38809962 10 P 1092 0 ;0,1=0
P 13.09125906 -10.38809962 10 P 1094 0 ;0,1=0
P 12.69120906 -10.38809962 10 P 1096 0 ;0,1=0
P 12.29115906 -10.38809962 10 P 1098 0 ;0,1=0
P 11.89110906 -10.38809962 10 P 1100 0 ;0,1=0
P 11.49105906 -10.38809962 10 P 1102 0 ;0,1=0
P 11.09126306 -10.38809962 10 P 1104 0 ;0,1=0
P 10.69121306 -10.38809962 10 P 1106 0 ;0,1=0
P 10.29116306 -10.38809962 10 P 1108 0 ;0,1=0
P 9.89111306 -10.38809962 10 P 1110 0 ;0,1=0
P 9.49106306 -10.38809962 10 P 1112 0 ;0,1=0
P 9.09126706 -10.38809962 10 P 1114 0 ;0,1=0
P 12.29115906 -14.27556962 11 P 1116 0 ;0,1=0
P 15.5956 -22.28088 3 P 1118 3 ;0,1=0
P 15.5956 -22.82952 3 P 1120 3 ;0,1=0
P 15.5956 -21.45792 3 P 1122 1 ;0,1=0
P 15.5956 -20.90928 3 P 1124 1 ;0,1=0
P 10.528046 -20.8788 12 P 1126 2 ;0,1=0
P 11.011154 -20.8788 12 P 1128 2 ;0,1=0
P 10.528046 -21.844 12 P 1130 2 ;0,1=0
P 11.011154 -21.844 12 P 1132 2 ;0,1=0
P 5.842 -14.24432 3 P 1134 1 ;0,1=0
P 5.842 -13.69568 3 P 1136 1 ;0,1=0
P 3.1496 -17.310354 12 P 1138 1 ;0,1=0
P 3.1496 -16.827246 12 P 1140 1 ;0,1=0
P 19.402298 -17.167098 7 P 1142 2 ;0,1=0
P 19.002502 -17.167098 7 P 1145 2 ;0,1=0
P 19.402298 -16.767302 7 P 1148 2 ;0,1=0
P 19.002502 -16.767302 7 P 1151 2 ;0,1=0
P 0.926846 -14.6812 12 P 1154 2 ;0,1=0
P 1.409954 -14.6812 12 P 1156 2 ;0,1=0
P 2.1336 -10.172446 12 P 1158 3 ;0,1=0
P 2.1336 -10.655554 12 P 1160 3 ;0,1=0
P 17.4752 -15.532354 12 P 1162 1 ;0,1=0
P 17.4752 -15.049246 12 P 1164 1 ;0,1=0
P 3.0988 -6.1976 13 P 1166 0 ;0,1=0
P 3.79880114 -6.1976 13 P 1169 0 ;0,1=0
P 4.49880228 -6.1976 13 P 1172 0 ;0,1=0
P 5.19880342 -6.1976 13 P 1175 0 ;0,1=0
P 5.89880456 -6.1976 13 P 1178 0 ;0,1=0
P 6.5988057 -6.1976 13 P 1181 0 ;0,1=0
P 7.29880684 -6.1976 13 P 1184 0 ;0,1=0
P 7.99880798 -6.1976 13 P 1187 0 ;0,1=0
P 8.69880912 -6.1976 13 P 1190 0 ;0,1=0
P 9.39881026 -6.1976 13 P 1193 0 ;0,1=0
P 10.0988114 -6.1976 13 P 1196 0 ;0,1=0
P 10.79881254 -6.1976 13 P 1199 0 ;0,1=0
P 11.49881368 -6.1976 13 P 1202 0 ;0,1=0
P 12.19881482 -6.1976 13 P 1205 0 ;0,1=0
P 12.89881596 -6.1976 13 P 1208 0 ;0,1=0
P 13.5988171 -6.1976 13 P 1211 0 ;0,1=0
P 14.29881824 -6.1976 13 P 1214 0 ;0,1=0
P 14.99881938 -6.1976 13 P 1217 0 ;0,1=0
P 15.69882052 -6.1976 13 P 1220 0 ;0,1=0
P 16.39882166 -6.1976 13 P 1223 0 ;0,1=0
P 17.0988228 -6.1976 13 P 1226 0 ;0,1=0
P 17.79882394 -6.1976 13 P 1229 0 ;0,1=0
P 18.49882508 -6.1976 13 P 1232 0 ;0,1=0
P 19.19882622 -6.1976 13 P 1235 0 ;0,1=0
P 19.89882736 -6.1976 13 P 1238 0 ;0,1=0
P 20.5988285 -6.1976 13 P 1241 0 ;0,1=0
P 21.29882964 -6.1976 13 P 1244 0 ;0,1=0
P 5.2324 -8.420354 12 P 1247 1 ;0,1=0
P 5.2324 -7.937246 12 P 1249 1 ;0,1=0
P 6.171184 -8.2296 14 P 1251 2 ;0,1=0
P 7.036816 -8.2296 14 P 1253 2 ;0,1=0
P 0.9144 -10.694416 14 P 1255 1 ;0,1=0
P 0.9144 -9.828784 14 P 1257 1 ;0,1=0
P 23.5712 -10.389616 14 P 1259 1 ;0,1=0
P 23.5712 -9.523984 14 P 1261 1 ;0,1=0
P 7.7724 -22.99208 3 P 1263 3 ;0,1=0
P 7.7724 -23.54072 3 P 1265 3 ;0,1=0
P 9.22528 -22.5044 3 P 1267 2 ;0,1=0
P 9.77392 -22.5044 3 P 1269 2 ;0,1=0
P 8.6868 -23.54072 3 P 1271 1 ;0,1=0
P 8.6868 -22.99208 3 P 1273 1 ;0,1=0
P 3.648373532 -19.313226468 3 P 1275 8 315 ;0,1=0
P 3.260426468 -19.701173532 3 P 1277 8 315 ;0,1=0
P 8.81775478 -21.67852916 15 P 1279 3 ;0,1=0
P 8.81775478 -21.27847916 15 P 1281 3 ;0,1=0
P 8.81775478 -20.87842916 15 P 1283 3 ;0,1=0
P 8.29273678 -20.35341116 16 P 1285 3 ;0,1=0
P 7.89268678 -20.35341116 16 P 1287 3 ;0,1=0
P 7.49263678 -20.35341116 16 P 1289 3 ;0,1=0
P 6.96787278 -20.87842916 15 P 1291 3 ;0,1=0
P 6.96787278 -21.27847916 15 P 1293 3 ;0,1=0
P 6.96787278 -21.67852916 15 P 1295 3 ;0,1=0
P 7.49263678 -22.20329316 16 P 1297 3 ;0,1=0
P 7.89268678 -22.20329316 16 P 1299 3 ;0,1=0
P 8.29273678 -22.20329316 16 P 1301 3 ;0,1=0
P 7.89268678 -21.27847916 17 P 1303 3 ;0,1=0
P 16.665702 -21.027898 7 P 1305 3 ;0,1=0
P 16.665702 -20.628102 7 P 1308 3 ;0,1=0
P 17.065498 -21.027898 7 P 1311 3 ;0,1=0
P 17.065498 -20.628102 7 P 1314 3 ;0,1=0
P 6.11673656 -23.43181242 18 P 1317 0 ;1=1
P 17.26034394 -12.70847598 19 P 1323 0 ;1=1
P 9.97665264 -21.3695915 19 P 1329 0 ;1=1
P 3.84654552 -15.14103906 20 P 1335 0 ;1=1
P 9.50497718 -20.86840378 19 P 1341 0 ;1=1
P 12.88770346 -21.42210346 19 P 1347 0 ;1=1
P 13.5636 -20.92250578 19 P 1353 0 ;1=1
P 11.0236 -22.4536 19 P 1359 0 ;1=1
P 7.90401772 -19.10454904 19 P 1365 0 ;1=1
P 14.53266842 -19.05379476 19 P 1371 0 ;1=1
P 4.5212 -3.81 19 P 1377 0 ;1=1
P 3.81 -4.6736 19 P 1383 0 ;1=1
P 3.33563976 -3.82519936 19 P 1389 0 ;1=1
P 4.0902001 -7.3152 19 P 1395 0 ;1=1
P 23.5712 -8.4328 19 P 1401 0 ;1=1
P 6.84110646 -18.82817418 19 P 1407 0 ;1=1
P 7.4168762 -18.37264042 19 P 1413 0 ;1=1
P 7.3152 -15.40759936 19 P 1419 0 ;1=1
P 5.50887392 -15.3170001 19 P 1425 0 ;1=1
P 1.70472608 -15.6701998 19 P 1431 0 ;1=1
P 6.5024 -14.3256 19 P 1437 0 ;1=1
P 6.5024 -13.6144 19 P 1443 0 ;1=1
P 5.00789702 -12.20787754 19 P 1449 0 ;1=1
P 3.9116 -13.5636 19 P 1455 0 ;1=1
P 6.81140116 -12.40744788 19 P 1461 0 ;1=1
P 21.2344 -19.8628 19 P 1467 0 ;1=1
P 18.3707532 -21.59191008 19 P 1473 0 ;1=1
P 18.78033836 -10.1565456 19 P 1479 0 ;1=1
P 1.65299136 -9.4420944 19 P 1485 0 ;1=1
P 20.0152 -7.78460724 19 P 1491 0 ;1=1
P 18.9992 -17.8816 20 P 1497 0 ;1=1
P 3.1594298 -18.3684672 20 P 1503 0 ;1=1
P 5.38459934 -9.7038033 19 P 1509 0 ;1=1
P 5.39633922 -9.0434033 19 P 1515 0 ;1=1
P 6.35840232 -11.0754033 19 P 1521 0 ;1=1
P 3.2249999 -11.38000264 19 P 1527 0 ;1=1
P 17.94440658 -22.24002664 19 P 1533 0 ;1=1
P 15.88490346 -20.1686033 19 P 1539 0 ;1=1
P 16.69045938 -19.8130033 19 P 1545 0 ;1=1
P 19.72260216 -16.13030048 19 P 1551 0 ;1=1
P 19.12234428 -18.68727022 19 P 1557 0 ;1=1
P 19.33423108 -9.50105034 19 P 1563 0 ;1=1
P 11.22659934 -2.5410033 19 P 1569 0 ;1=1
P 9.14379934 -2.5410033 19 P 1575 0 ;1=1
P 20.0152 -12.954 19 P 1581 0 ;1=1
P 8.6868 -3.81 19 P 1587 0 ;1=1
P 9.398 -4.6736 19 P 1593 0 ;1=1
P 10.1092 -3.81 19 P 1599 0 ;1=1
P 10.8204 -4.6736 19 P 1605 0 ;1=1
P 11.4808 -3.81 19 P 1611 0 ;1=1
P 12.192 -4.6736 19 P 1617 0 ;1=1
P 12.9032 -3.81 19 P 1623 0 ;1=1
P 13.6144 -4.572 19 P 1629 0 ;1=1
P 8.0264 -4.6736 19 P 1635 0 ;1=1
P 7.3152 -3.81 19 P 1641 0 ;1=1
P 6.604 -4.6736 19 P 1647 0 ;1=1
P 5.8928 -3.81 19 P 1653 0 ;1=1
P 5.1816 -4.6736 19 P 1659 0 ;1=1
P 7.395845 -7.476998 19 P 1665 0 ;1=1
P 19.304 -8.6868 19 P 1671 0 ;1=1
P 10.16 -11.684 19 P 1677 0 ;1=1
P 14.09219686 -11.684 19 P 1683 0 ;1=1
P 18.1356 -10.6172 19 P 1689 0 ;1=1
P 1.8288 -11.8364 19 P 1695 0 ;1=1
P 11.92205896 -20.03106738 19 P 1701 0 ;1=1
P 12.3528582 -19.34713682 19 P 1707 0 ;1=1
P 13.28576972 -19.68656972 19 P 1713 0 ;1=1
P 13.79603286 -19.17316714 19 P 1719 0 ;1=1
P 10.3124 -19.812 19 P 1725 0 ;1=1
P 10.7696 -19.2532 19 P 1731 0 ;1=1
P 7.33277934 -16.2805999 19 P 1737 0 ;1=1
P 17.4752 -14.3256 19 P 1743 0 ;1=1
P 11.90325026 -8.39260196 19 P 1749 0 ;1=1
P 11.54406124 -8.99995406 19 P 1755 0 ;1=1
P 17.50568 -13.41127366 19 P 1761 0 ;1=1
P 21.2852 -7.8232 19 P 1767 0 ;1=1
P 18.5928 -15.3416 19 P 1773 0 ;1=1
P 23.7744 -14.5796 19 P 1779 0 ;1=1
P 4.318 -2.8956 19 P 1785 0 ;1=1
P 18.3388 -16.0528 19 P 1791 0 ;1=1
P 17.5716184 -17.58523788 19 P 1797 0 ;1=1
P 16.5958774 -23.31912786 19 P 1803 0 ;1=1
P 15.5956 -23.77913202 19 P 1809 0 ;1=1
P 13.3604 -23.7744 19 P 1815 0 ;1=1
P 5.5372 -16.256 19 P 1821 0 ;1=1
P 3.8511226 -14.424787 19 P 1827 0 ;1=1
P 9.0932 -19.1008 19 P 1833 0 ;1=1
P 6.7564 -19.69211708 19 P 1839 0 ;1=1
P 6.858 -20.36434078 19 P 1845 0 ;1=1
P 7.2644 -23.6728 19 P 1851 0 ;1=1
P 6.35 -21.4376 19 P 1857 0 ;1=1
P 8.40910434 -23.87300534 19 P 1863 0 ;1=1
L 2.1336 -10.655554 2.50055126 -10.655554 21 P 1869
L 2.50055126 -10.655554 3.2249999 -11.38000264 21 P 1874
L 5.842 -14.29512 4.88442 -15.2527 22 P 1879
L 14.99881938 -6.1976 14.99881938 -7.112 23 P 1880
L 17.26034394 -12.70847598 16.21148142 -12.70847598 21 P 1881
L 16.21148142 -12.70847598 16.17862906 -12.67562362 21 P 1882
L 2.1336 -10.172446 2.16623392 -10.13981208 24 P 1883
L 11.49105906 -19.85254094 11.49105906 -18.16303962 21 P 1884
L 14.69120506 -18.16303962 14.69120506 -16.67561562 21 P 1885
L 4.88442 -15.2527 4.732274 -15.2527 22 P 1886
L 5.842 -14.24432 5.842 -14.29512 22 P 1887
L 14.69120506 -16.67561562 12.69120906 -14.67561962 21 P 1888
L 12.69120906 -14.67561962 12.29115906 -14.27556962 21 P 1889
L 6.9596 -9.7241233 6.9596 -10.54728396 22 P 1891
L 6.9596 -10.54728396 7.48799366 -11.07567762 22 P 1892
L 17.13992 -22.2504 17.93403322 -22.2504 21 P 1893
L 17.93403322 -22.2504 17.94440658 -22.24002664 21 P 1894
L 18.0026183 -19.21197072 17.4138463 -19.80074272 21 P 1896
L 15.69882052 -6.1976 15.69882052 -7.05957948 23 P 1897
L 6.9596 -9.7241233 9.0129233 -9.7241233 22 P 1899
L 17.4138463 -19.80074272 17.065498 -20.14909102 21 P 1902
L 21.3571074 -17.84208268 21.3571074 -18.7240926 21 P 1903
L 5.38459934 -9.7038033 5.40491934 -9.7241233 22 P 1904
L 5.40491934 -9.7241233 6.9596 -9.7241233 22 P 1905
L 21.3571074 -17.44228668 21.10376272 -17.188942 21 P 1907
L 21.10376272 -17.188942 20.470622 -17.188942 21 P 1908
L 20.470622 -17.188942 20.470622 -18.011902 21 P 1909
L 10.7696 -19.2532 10.69121306 -19.17481306 23 P 1914
L 10.69121306 -19.17481306 10.69121306 -18.16303962 23 P 1915
L 19.002502 -16.767302 18.29410616 -16.767302 21 P 1916
L 18.29410616 -16.767302 17.986502 -16.767302 21 P 1918
L 10.528046 -20.8788 10.528046 -21.844 24 P 1919
L 11.09126306 -18.16303962 11.09126306 -18.9342268 21 P 1920
L 0.8725535 -14.947646 0.723646 -14.947646 21 P 1921
L 1.245616 -9.828784 0.9144 -9.828784 25 P 1922
L 10.3337995 -20.4724 10.8712 -20.4724 21 P 1924
L 10.8712 -20.4724 11.49105906 -19.85254094 21 P 1925
L 0.97110804 -15.04620054 0.8725535 -14.947646 21 P 1926
L 11.09126306 -18.9342268 11.22259884 -19.06556258 21 P 1927
L 10.71960264 -20.26839736 10.24929878 -20.26839736 21 P 1931
L 11.22259884 -19.76540116 10.71960264 -20.26839736 21 P 1934
L 11.22259884 -19.06556258 11.22259884 -19.76540116 21 P 1935
L 0.9144 -10.694416 0.9144 -11.89732952 25 P 1937
L 13.89110506 -18.61550506 13.89110506 -18.16303962 21 P 1940
L 0.9144 -11.89732952 0.91059254 -11.90113698 25 P 1943
L 14.70152 -18.17335456 14.69120506 -18.16303962 21 P 1944
L 3.1496 -17.9324 3.1496 -17.310354 24 P 1945
L 16.39882166 -6.1976 16.39882166 -6.96917834 23 P 1946
L 4.3688 -17.3736 5.2832 -18.288 21 P 1947
L 3.822446 -16.827246 4.3688 -17.3736 21 P 1948
L 4.5212 -3.81 4.5212 -6.17520228 21 P 1953
L 4.5212 -6.17520228 4.49880228 -6.1976 21 P 1954
L 3.81 -4.6736 3.81 -6.18640114 21 P 1955
L 3.81 -6.18640114 3.79880114 -6.1976 21 P 1956
L 3.33563976 -3.82519936 3.0988 -4.06204166 21 P 1957
L 3.0988 -4.06204166 3.0988 -6.1976 21 P 1958
L 14.29881824 -6.1976 14.29881824 -7.0237985 23 P 1959
L 6.9585967 -9.1754833 6.8265167 -9.0434033 21 P 1960
L 14.99881938 -7.112 14.78181956 -7.32899982 23 P 1961
L 6.8265167 -9.0434033 5.39633922 -9.0434033 21 P 1962
L 15.69882052 -7.05957948 15.22579886 -7.53260114 23 P 1963
L 15.22579886 -7.53260114 10.60299886 -7.53260114 23 P 1964
L 10.60299886 -7.53260114 10.29116306 -7.84443694 23 P 1965
L 16.39882166 -6.96917834 15.63179754 -7.73620246 23 P 1966
L 4.3688 -8.0772 4.3688 -7.5937999 22 P 1967
L 4.3688 -7.5937999 4.0902001 -7.3152 22 P 1968
L 23.5712 -9.523984 23.5712 -8.4328 25 P 1972
L 14.78181956 -7.32899982 10.40020018 -7.32899982 23 P 1973
L 10.40020018 -7.32899982 9.89111306 -7.83808694 23 P 1974
L 15.63179754 -7.73620246 10.90739754 -7.73620246 23 P 1975
L 10.90739754 -7.73620246 10.69121306 -7.95238694 23 P 1976
L 7.81581876 -15.08021876 8.39914246 -15.08021622 21 P 1977
L 5.508879 -15.3169874 5.517769 -15.3169874 21 P 1978
L 8.39914246 -15.08021622 8.40368906 -15.07566962 21 P 1983
L 14.29881824 -7.0237985 14.19721824 -7.1253985 23 P 1984
L 14.19721824 -7.1253985 10.1974015 -7.1253985 23 P 1985
L 10.1974015 -7.1253985 9.49106306 -7.83173694 23 P 1986
L 5.517769 -15.3169874 5.85818234 -14.97659946 21 P 1987
L 5.85818234 -14.97659946 7.71219946 -14.97659946 21 P 1988
L 16.24099622 -7.93980378 17.1196 -7.0612 23 P 1989
L 17.1196 -7.0612 17.1196 -6.2183772 23 P 1990
L 17.1196 -6.2183772 17.0988228 -6.1976 23 P 1991
L 7.71219946 -14.97659946 7.81581876 -15.08021876 21 P 1993
L 8.40368906 -15.47546562 7.38306626 -15.47546562 21 P 1994
L 16.7993949 -8.1434051 17.8308 -7.112 23 P 1995
L 17.8308 -7.112 17.8308 -6.22957606 23 P 1996
L 17.8308 -6.22957606 17.79882394 -6.1976 23 P 1997
L 7.38306626 -15.47546562 7.3152 -15.40759936 21 P 1998
L 11.09126306 -7.93980378 16.24099622 -7.93980378 23 P 1999
L 6.67512 -16.256 7.08152 -15.8496 21 P 2000
L 12.8369949 -8.1434051 16.7993949 -8.1434051 23 P 2001
L 12.29115906 -8.68924094 12.8369949 -8.1434051 23 P 2002
L 7.08152 -15.8496 8.37777344 -15.8496 21 P 2003
L 8.37777344 -15.8496 8.40368906 -15.87551562 21 P 2004
L 14.50441092 -20.51233642 14.50441092 -20.65517332 21 P 2005
L 12.93819358 -8.34700642 12.69120906 -8.59399094 23 P 2008
L 9.09126706 -18.16303962 8.71016038 -18.16303962 21 P 2011
L 13.2588 -8.55060774 13.09125906 -8.71814868 23 P 2013
L 17.986502 -16.767302 17.09471562 -15.87551562 21 P 2016
L 17.09471562 -15.87551562 16.17862906 -15.87551562 21 P 2017
L 6.5024 -13.6144 7.16356962 -14.27556962 21 P 2018
L 7.16356962 -14.27556962 8.40368906 -14.27556962 21 P 2019
L 18.9992 -17.8816 18.9992 -17.1704 21 P 2020
L 6.5024 -14.3256 6.85241962 -14.67561962 21 P 2021
L 6.85241962 -14.67561962 8.40368906 -14.67561962 21 P 2022
L 18.9992 -17.1704 19.002502 -17.167098 21 P 2023
L 19.402298 -17.167098 20.448778 -17.167098 21 P 2024
L 20.448778 -17.167098 20.470622 -17.188942 21 P 2025
L 7.91793438 -17.07566562 8.40368906 -17.07566562 21 P 2026
L 4.706874 -12.412726 5.16515096 -11.95444904 21 P 2027
L 21.7569034 -17.41357706 21.7569034 -17.44228668 21 P 2028
L 20.470622 -16.640302 20.98362834 -16.640302 21 P 2029
L 20.98362834 -16.640302 21.7569034 -17.41357706 21 P 2030
L 19.402298 -16.767302 20.062698 -16.767302 21 P 2031
L 20.062698 -16.767302 20.189698 -16.640302 21 P 2032
L 7.6708 -17.3228 7.91793438 -17.07566562 21 P 2033
L 2.506726 -12.85199868 2.40472468 -12.954 21 P 2034
L 2.40472468 -12.954 2.260473 -12.954 21 P 2035
L 1.77759868 -15.2273 2.506726 -15.2273 21 P 2036
L 2.506726 -12.827254 2.506726 -12.85199868 21 P 2037
L 2.260473 -12.954 2.04037184 -13.17410116 21 P 2038
L 19.2508632 -20.99781424 18.96484904 -20.99781424 21 P 2039
L 18.96484904 -20.99781424 18.3707532 -21.59191008 21 P 2040
L 21.3571074 -18.7240926 19.8382001 -20.2429999 21 P 2042
L 2.04037184 -13.17410116 2.02264264 -13.17410116 21 P 2045
L 2.02264264 -13.17410116 1.90372746 -13.29301634 21 P 2047
L 1.90372746 -13.29301634 1.90372746 -13.31074554 21 P 2048
L 1.90372746 -13.31074554 1.54544776 -13.66902524 21 P 2049
L 2.16623392 -10.13981208 2.96658792 -10.13981208 24 P 2055
L 2.96658792 -10.13981208 4.78217484 -10.13981208 21 P 2056
L 7.74903962 -13.87551962 6.37032 -12.4968 21 P 2059
L 8.40368906 -13.87551962 7.74903962 -13.87551962 21 P 2060
L 1.54544776 -14.99514908 1.77759868 -15.2273 21 P 2061
L 1.65299136 -9.4420944 2.3368 -8.75828322 25 P 2062
L 1.54544776 -14.99514908 1.54544776 -13.66902524 21 P 2063
L 2.3368 -8.75828322 2.3368 -8.7376 25 P 2064
L 6.37032 -12.4968 6.72204904 -12.4968 21 P 2065
L 6.72204904 -12.4968 6.81140116 -12.40744788 21 P 2066
L 7.3152 -12.2428 7.3152 -12.954 21 P 2069
L 7.3152 -12.954 7.83666962 -13.47546962 21 P 2070
L 7.83666962 -13.47546962 8.40368906 -13.47546962 21 P 2071
L 4.706874 -13.6271 4.694174 -13.6144 21 P 2072
L 4.694174 -13.6144 4.064 -13.6144 21 P 2073
L 4.064 -13.6144 3.99187416 -13.54227416 21 P 2074
L 3.99187416 -13.54227416 3.99187416 -12.2428 21 P 2075
L 3.99187416 -12.2428 4.29286416 -11.94181 21 P 2076
L 4.29286416 -11.94181 4.66444076 -11.94181 21 P 2077
L 23.44451496 -16.30442256 22.6848924 -15.5448 26 P 2080
L 8.00415976 -13.07567362 8.40368906 -13.07567362 21 P 2081
L 7.62 -11.938 7.62 -12.69151386 21 P 2082
L 14.0716 -8.95781038 13.89110506 -9.13830532 23 P 2083
L 7.62 -12.69151386 8.00415976 -13.07567362 21 P 2084
L 19.83723744 -20.2429999 19.83723744 -20.41144 21 P 2092
L 19.83723744 -20.41144 19.2508632 -20.99781424 21 P 2093
L 4.706874 -12.827254 4.706874 -12.412726 21 P 2094
L 5.16515096 -11.95444904 7.02684904 -11.95444904 21 P 2095
L 21.2344 -19.8628 21.7569034 -19.3402966 21 P 2098
L 21.7569034 -19.3402966 21.7569034 -17.84208268 21 P 2099
L 13.09125906 -8.71814868 13.09125906 -10.13409962 23 P 2106
L 12.69120906 -8.59399094 12.69120906 -10.13409962 23 P 2107
L 12.29115906 -10.13409962 12.29115906 -8.68924094 23 P 2108
L 16.66644368 -9.36680626 14.80384136 -9.36680626 23 P 2109
L 20.23260368 -16.640302 19.72260216 -16.13030048 21 P 2110
L 20.189698 -16.640302 20.23260368 -16.640302 21 P 2111
L 7.02684904 -11.95444904 7.3152 -12.2428 21 P 2112
L 4.66444076 -11.94181 4.8558069 -11.7504464 21 P 2113
L 4.8558069 -11.7504464 7.4324464 -11.7504464 21 P 2114
L 7.4324464 -11.7504464 7.62 -11.938 21 P 2115
L 6.1707649 -11.52840214 6.54603974 -11.52840214 21 P 2116
L 6.54603974 -11.52840214 6.59896826 -11.47547362 21 P 2117
L 6.59896826 -11.47547362 8.40368906 -11.47547362 21 P 2118
L 20.23260368 -16.640302 20.470622 -16.640302 21 P 2119
L 17.18123818 -9.88160076 16.66644368 -9.36680626 23 P 2120
L 18.40076584 -15.09876584 18.5928 -15.2908 21 P 2121
L 18.5928 -15.2908 18.5928 -15.3416 21 P 2122
L 14.66015864 -10.1030532 14.69120506 -10.13409962 23 P 2123
L 7.25301572 -16.43990362 6.67451802 -17.01840132 22 P 2124
L 18.3388 -16.0528 18.796 -16.0528 25 P 2125
L 6.67512 -17.0190033 6.67512 -17.78 22 P 2126
L 3.1115 -13.6271 2.506726 -13.6271 21 P 2127
L 3.1496 -13.6652 3.1115 -13.6271 21 P 2128
L 18.796 -16.0528 19.304 -15.5448 25 P 2129
L 19.304 -15.5448 22.6848924 -15.5448 25 P 2130
L 4.78217484 -10.13981208 6.1707649 -11.52840214 21 P 2131
L 18.86712 -14.478 18.86712 -13.716 21 P 2132
L 7.48799366 -11.07567762 8.40368906 -11.07567762 22 P 2133
L 18.86712 -13.716 18.86712 -12.954 21 P 2134
L 18.86712 -12.954 20.0152 -12.954 21 P 2135
L 9.09126706 -9.80246706 9.09126706 -10.38809962 22 P 2136
L 9.0129233 -9.7241233 9.09126706 -9.80246706 22 P 2137
L 6.38027934 -10.5166033 6.38027934 -11.05352628 21 P 2138
L 6.38027934 -11.05352628 6.35840232 -11.0754033 21 P 2139
L 13.5988171 -6.1976 13.6144 -6.1820171 22 P 2140
L 13.6144 -6.1820171 13.6144 -4.572 22 P 2141
L 12.89881596 -6.1976 12.9032 -6.19321596 22 P 2142
L 12.9032 -6.19321596 12.9032 -3.81 22 P 2143
L 12.19881482 -6.1976 12.19881482 -4.68041482 22 P 2144
L 12.19881482 -4.68041482 12.192 -4.6736 22 P 2145
L 11.49881368 -6.1976 11.49881368 -3.82801368 22 P 2146
L 11.49881368 -3.82801368 11.4808 -3.81 22 P 2147
L 10.79881254 -6.1976 10.8204 -6.17601254 22 P 2148
L 10.8204 -6.17601254 10.8204 -4.6736 22 P 2149
L 10.0988114 -6.1976 10.1092 -6.1872114 22 P 2150
L 10.1092 -6.1872114 10.1092 -3.81 22 P 2151
L 9.39881026 -6.1976 9.39881026 -4.67441026 22 P 2152
L 5.66928 -12.4968 5.83070716 -12.65822716 21 P 2153
L 8.69880912 -6.1976 8.69880912 -3.82200912 22 P 2154
L 8.69880912 -3.82200912 8.6868 -3.81 22 P 2155
L 5.83070716 -12.65822716 5.83070716 -12.74288536 21 P 2156
L 5.83070716 -12.74288536 5.842 -12.7541782 21 P 2157
L 5.842 -12.7541782 5.842 -13.69568 21 P 2158
L 5.842 -13.69568 5.77088 -13.7668 21 P 2159
L 7.29880684 -6.1976 7.3152 -6.18120684 22 P 2160
L 7.3152 -6.18120684 7.3152 -3.81 22 P 2161
L 6.5988057 -6.1976 6.604 -6.1924057 22 P 2162
L 6.604 -6.1924057 6.604 -4.6736 22 P 2163
L 5.89880456 -6.1976 5.89880456 -3.81600456 22 P 2164
L 5.89880456 -3.81600456 5.8928 -3.81 22 P 2165
L 5.19880342 -6.1976 5.19880342 -4.69080342 22 P 2166
L 5.19880342 -4.69080342 5.1816 -4.6736 22 P 2167
L 5.77088 -13.7668 5.5372 -13.7668 21 P 2168
L 5.5372 -13.7668 5.2324 -14.0716 21 P 2169
L 7.99880798 -6.1976 7.99880798 -4.70119202 22 P 2170
L 7.99880798 -4.70119202 8.0264 -4.6736 22 P 2171
L 5.2324 -14.0716 5.2324 -14.3764 21 P 2172
L 5.2324 -14.3764 5.16027416 -14.44852584 21 P 2173
L 5.16027416 -14.44852584 4.72819984 -14.44852584 21 P 2174
L 4.72819984 -14.44852584 4.706874 -14.4272 21 P 2175
L 2.506726 -12.827254 2.506726 -11.02868 21 P 2176
L 2.506726 -11.02868 2.1336 -10.655554 21 P 2177
L 11.98727092 -21.30541332 12.77101332 -21.30541332 21 P 2178
L 12.77101332 -21.30541332 12.88770346 -21.42210346 21 P 2179
L 11.98727092 -20.65517332 12.27317332 -20.65517332 21 P 2188
L 12.27317332 -20.65517332 12.54050578 -20.92250578 21 P 2189
L 12.54050578 -20.92250578 13.5636 -20.92250578 21 P 2190
L 14.66015864 -9.51049152 14.66015864 -10.1030532 23 P 2191
L 14.80384136 -9.36680626 14.66015864 -9.51049152 23 P 2192
L 14.50441092 -20.22449092 14.50441092 -20.51233642 21 P 2193
L 3.1496 -16.827246 3.1496 -13.6652 21 P 2194
L 18.1356 -10.6172 17.67712238 -11.07567762 23 P 2197
L 17.67712238 -11.07567762 16.17862906 -11.07567762 23 P 2198
L 18.78033836 -10.1565456 18.50539352 -9.88160076 23 P 2199
L 18.50539352 -9.88160076 17.18123818 -9.88160076 23 P 2200
L 13.89110506 -9.13830532 13.89110506 -10.38809962 23 P 2203
L 11.09126306 -10.38809962 11.09126306 -7.93980378 23 P 2204
L 9.49106306 -7.83173694 9.49106306 -10.38809962 23 P 2205
L 9.89111306 -7.83808694 9.89111306 -10.38809962 23 P 2206
L 10.29116306 -7.84443694 10.29116306 -10.38809962 23 P 2207
L 10.69121306 -7.95238694 10.69121306 -10.38809962 23 P 2208
L 11.92205896 -20.03106738 11.89110906 -20.00011748 23 P 2209
L 11.89110906 -20.00011748 11.89110906 -18.16303962 23 P 2210
L 6.8072 -18.288 7.2136 -17.8816 21 P 2213
L 7.2136 -17.8816 7.2136 -17.018 21 P 2214
L 7.2136 -17.018 7.55699022 -16.67460978 21 P 2215
L 7.55699022 -16.67460978 8.40268322 -16.67460978 21 P 2216
L 3.1496 -16.827246 3.822446 -16.827246 21 P 2217
L 5.2832 -18.288 6.8072 -18.288 21 P 2218
L 15.5956 -20.90928 15.5956 -20.45790676 21 P 2219
L 17.272 -9.5504 16.88480494 -9.16320494 23 P 2220
L 15.5956 -20.45790676 15.88490346 -20.1686033 21 P 2221
L 15.88490346 -20.1686033 15.88490346 -19.44090346 21 P 2222
L 15.88490346 -19.44090346 15.7988 -19.3548 21 P 2223
L 10.3124 -19.812 10.29116306 -19.79076306 23 P 2224
L 10.29116306 -19.79076306 10.29116306 -18.16303962 23 P 2225
L 16.88480494 -9.16320494 14.29115506 -9.16320494 23 P 2228
L 14.29115506 -9.16320494 14.29115506 -10.13409962 23 P 2229
L 15.88490346 -20.1686033 14.84814404 -20.1686033 21 P 2231
L 18.51152 -9.50105034 19.33423108 -9.50105034 21 P 2232
L 14.84814404 -20.1686033 14.50441092 -20.51233642 21 P 2233
L 17.96288 -9.4996 17.91208 -9.5504 23 P 2234
L 17.91208 -9.5504 17.272 -9.5504 23 P 2235
L 14.53266842 -19.05379476 14.32939476 -19.05379476 21 P 2239
L 18.06488132 -9.39759868 17.96288 -9.4996 21 P 2240
L 14.32939476 -19.05379476 13.89110506 -18.61550506 21 P 2241
L 15.32128 -19.3548 14.83367366 -19.3548 21 P 2243
L 14.83367366 -19.3548 14.53266842 -19.05379476 21 P 2244
L 14.49832 -19.8628 14.49832 -20.2184 21 P 2245
L 14.49832 -20.2184 14.50441092 -20.22449092 21 P 2246
L 19.304 -8.6868 18.63142832 -8.6868 21 P 2249
L 18.63142832 -8.6868 18.06488132 -9.253347 21 P 2250
L 18.06488132 -9.253347 18.06488132 -9.39759868 21 P 2251
L 13.79603286 -19.17316714 13.49105506 -18.86818934 23 P 2252
L 13.49105506 -18.86818934 13.49105506 -18.16303962 23 P 2253
L 19.19882622 -6.1976 19.19882622 -7.01397378 23 P 2256
L 19.19882622 -7.01397378 17.66219226 -8.55060774 23 P 2257
L 17.66219226 -8.55060774 13.2588 -8.55060774 23 P 2258
L 18.49882508 -6.1976 18.49882508 -7.05357492 23 P 2259
L 18.49882508 -7.05357492 17.20539358 -8.34700642 23 P 2260
L 17.20539358 -8.34700642 12.93819358 -8.34700642 23 P 2261
L 12.3528582 -19.34713682 12.29115906 -19.28543768 23 P 2264
L 12.29115906 -19.28543768 12.29115906 -18.16303962 23 P 2265
L 1.8288 -11.8364 1.8288 -12.58897152 25 P 2266
L 1.8288 -12.58897152 0.91770454 -13.50006698 25 P 2267
L 18.06778962 -8.95781038 14.0716 -8.95781038 23 P 2268
L 20.0152 -7.78460724 19.24099276 -7.78460724 23 P 2271
L 19.24099276 -7.78460724 18.06778962 -8.95781038 23 P 2272
L 13.09125906 -18.93325906 13.09125906 -18.16303962 23 P 2278
L 9.49106306 -18.16303962 9.49106306 -18.65213694 21 P 2281
L 9.49106306 -18.65213694 9.0932 -19.05 21 P 2282
L 9.0932 -19.05 9.0932 -19.1008 21 P 2283
L 13.28576972 -19.68656972 13.28576972 -19.12776972 23 P 2284
L 13.28576972 -19.12776972 13.09125906 -18.93325906 23 P 2285
L 18.31848 -14.478 18.40076584 -14.56028584 21 P 2286
L 18.40076584 -14.56028584 18.40076584 -15.09876584 21 P 2287
L 19.89882736 -6.604 19.9136 -6.61877264 23 P 2292
L 13.49105506 -9.283954 13.49105506 -10.13409962 23 P 2294
L 19.8988172 -6.1976 19.89882736 -6.604 23 P 2296
L 13.98726438 -8.75420906 13.68750374 -9.0539697 23 P 2298
L 13.68750374 -9.0539697 13.68750374 -9.08750532 23 P 2299
L 13.68750374 -9.08750532 13.49105506 -9.283954 23 P 2300
L 19.9136 -6.61877264 19.9136 -7.1628 23 P 2301
L 19.9136 -7.1628 19.6596 -7.4168 23 P 2303
L 19.6596 -7.4168 19.2532 -7.4168 23 P 2304
L 19.2532 -7.4168 17.91579094 -8.75420906 23 P 2305
L 17.91579094 -8.75420906 13.98726438 -8.75420906 23 P 2306
L 6.12648 -16.256 6.12648 -17.01840132 25 P 2307
L 6.12648 -17.01840132 6.12648 -17.78 25 P 2308
L 6.12648 -16.256 6.12648 -15.3416 25 P 2309
L 16.17862906 -13.07567362 16.78407362 -13.07567362 21 P 2310
L 16.78407362 -13.07567362 17.11967366 -13.41127366 21 P 2311
L 6.12648 -16.256 5.5372 -16.256 25 P 2312
L 8.40368906 -16.27556562 8.39865478 -16.2805999 22 P 2313
L 8.39865478 -16.2805999 7.33277934 -16.2805999 22 P 2314
L 7.33277934 -16.2805999 7.25301572 -16.36036352 22 P 2315
L 7.25301572 -16.36036352 7.25301572 -16.43990362 22 P 2316
L 17.11967366 -13.41127366 17.50568 -13.41127366 21 P 2317
L 18.31848 -12.954 18.31848 -13.716 21 P 2322
L 18.31848 -13.716 18.31848 -14.478 21 P 2323
L 18.31848 -13.716 18.14576 -13.88872 21 P 2324
L 16.17862906 -13.47546962 16.72666962 -13.47546962 21 P 2325
L 16.72666962 -13.47546962 17.13538864 -13.88418864 21 P 2326
L 17.13538864 -13.88418864 16.39049808 -13.88418864 21 P 2327
L 18.14576 -13.88872 17.09928 -13.88872 21 P 2328
L 17.09928 -13.88872 16.91563038 -14.07236962 21 P 2329
L 16.91563038 -14.07236962 16.91563038 -14.27556962 21 P 2330
L 17.4752 -15.049246 17.4752 -14.3256 21 P 2331
L 21.2852 -7.8232 21.29882964 -7.80957036 21 P 2332
L 21.29882964 -7.80957036 21.29882964 -6.1976 21 P 2333
L 2.3368 -8.7376 1.245616 -9.828784 25 P 2335
L 7.395845 -7.476998 7.0612 -7.811643 21 P 2340
L 7.0612 -7.811643 7.0612 -8.154416 21 P 2341
L 7.0612 -8.154416 6.986016 -8.2296 21 P 2342
L 3.8511226 -14.424787 4.704461 -14.424787 21 P 2346
L 4.704461 -14.424787 4.706874 -14.4272 21 P 2347
L 0.723646 -14.947646 0.723646 -15.8663386 26 P 2357
L 11.49105906 -10.38809962 11.49105906 -9.05295624 21 P 2373
L 11.49105906 -9.05295624 11.54406124 -8.99995406 21 P 2374
L 11.89110906 -10.38809962 11.90325026 -10.37595842 21 P 2375
L 11.90325026 -10.37595842 11.90325026 -9.2814013 21 P 2376
L 11.90325026 -9.2814013 11.99706008 -9.18759148 21 P 2377
L 11.99706008 -9.18759148 11.99706008 -8.8123141 21 P 2378
L 11.99706008 -8.8123141 11.90325026 -8.71850428 21 P 2379
L 11.90325026 -8.71850428 11.90325026 -8.39260196 21 P 2380
L 16.39049808 -13.88418864 16.38182906 -13.87551962 21 P 2381
L 16.38182906 -13.87551962 16.1786316 -13.875512 21 P 2382
L 23.57099934 -10.55455598 23.57099934 -11.89753018 25 P 2385
L 23.57099934 -11.89753018 23.56739254 -11.90113698 25 P 2386
L 23.57450454 -13.50006698 23.7744 -13.69996244 24 P 2387
L 23.7744 -13.69996244 23.7744 -14.5796 24 P 2388
L 16.91563038 -14.27556962 16.17862906 -14.27556962 21 P 2389
L 18.3388 -16.0528 17.818354 -15.532354 25 P 2392
L 17.818354 -15.532354 17.4752 -15.532354 25 P 2393
L 17.4752 -15.532354 17.41831162 -15.47546562 21 P 2395
L 17.41831162 -15.47546562 16.17862906 -15.47546562 21 P 2396
L 8.40368906 -12.67562362 10.69121306 -12.67562362 21 P 2397
L 10.69121306 -12.67562362 12.29115906 -14.27556962 21 P 2398
L 20.5988285 -6.1976 20.5988285 -8.94729732 23 P 2399
L 20.5988285 -8.94729732 18.06532582 -11.4808 23 P 2400
L 18.06532582 -11.4808 15.91930268 -11.4808 23 P 2401
L 16.17862906 -14.67561962 12.69120906 -14.67561962 21 P 2402
L 16.91563038 -14.27556962 16.91563038 -14.88516962 21 P 2403
L 16.72513038 -15.07566962 16.17862906 -15.07566962 21 P 2404
L 16.91563038 -14.88516962 16.72513038 -15.07566962 21 P 2405
L 16.99768 -18.9484 16.99768 -18.1864 21 P 2406
L 15.09125506 -18.16303962 15.09125506 -18.90125506 21 P 2407
L 15.09125506 -18.90125506 15.1384 -18.9484 21 P 2408
L 15.1384 -18.9484 16.99768 -18.9484 21 P 2409
L 17.5716184 -17.58523788 17.5716184 -18.9231016 21 P 2410
L 17.5716184 -18.9231016 17.54632 -18.9484 21 P 2411
L 16.17862906 -16.27556562 16.8656 -16.27556562 21 P 2412
L 16.8656 -16.27556562 17.74427236 -17.15423798 21 P 2413
L 17.74427236 -17.15423798 17.75014484 -17.15423798 21 P 2414
L 17.75014484 -17.15423798 18.0026183 -17.40671398 21 P 2415
L 17.065498 -20.14909102 17.065498 -20.678902 21 P 2416
L 18.0026183 -17.40671398 18.0026183 -19.21197072 21 P 2417
L 16.69045938 -19.8130033 16.69045938 -20.65414462 21 P 2418
L 16.69045938 -20.65414462 16.665702 -20.678902 21 P 2419
L 16.665702 -21.078698 16.28648 -21.45792 21 P 2420
L 16.28648 -21.45792 15.5956 -21.45792 21 P 2421
L 17.065498 -21.078698 17.13992 -21.15312 21 P 2422
L 17.13992 -21.15312 17.13992 -22.2504 21 P 2423
L 16.59128 -22.2504 16.5958774 -22.2549974 21 P 2424
L 16.5958774 -22.2549974 16.5958774 -23.31912786 21 P 2425
L 15.5956 -21.45792 15.5956 -22.28088 21 P 2426
L 15.5956 -22.28088 15.43417284 -22.44230716 21 P 2427
L 15.43417284 -22.44230716 15.34951464 -22.44230716 21 P 2428
L 15.34951464 -22.44230716 15.18643648 -22.60538532 21 P 2429
L 15.18643648 -22.60538532 14.50441092 -22.60538532 21 P 2430
L 15.5956 -22.82952 15.5956 -23.77913202 21 P 2431
L 15.5956 -21.45792 15.44309332 -21.30541332 21 P 2432
L 15.44309332 -21.30541332 14.50441092 -21.30541332 21 P 2433
L 11.98727092 -20.65517332 11.50122668 -20.65517332 21 P 2434
L 11.50122668 -20.65517332 11.2776 -20.8788 21 P 2435
L 11.2776 -20.8788 11.011154 -20.8788 21 P 2436
L 11.98727092 -21.30541332 11.30818668 -21.30541332 21 P 2437
L 11.30818668 -21.30541332 11.011154 -21.602446 21 P 2438
L 11.011154 -21.602446 11.011154 -21.844 21 P 2439
L 14.50441092 -21.30541332 13.94978668 -21.30541332 21 P 2440
L 13.94978668 -21.30541332 13.29980068 -21.95539932 21 P 2441
L 13.29980068 -21.95539932 11.98727092 -21.95539932 21 P 2442
L 14.50441092 -21.95539932 13.70620068 -21.95539932 21 P 2443
L 13.70620068 -21.95539932 13.3604 -22.3012 21 P 2444
L 11.98727092 -22.60538532 13.3604 -22.60538532 21 P 2445
L 13.3604 -22.3012 13.3604 -22.60538532 21 P 2446
L 13.3604 -23.7744 13.3604 -22.60538532 21 P 2447
L 6.67512 -15.3416 6.67512 -16.256 21 P 2448
L 4.39658252 -9.398 4.3688 -9.398 22 P 2459
L 5.04204732 -7.97519868 4.47080132 -7.97519868 21 P 2460
L 4.47080132 -7.97519868 4.3688 -8.0772 21 P 2461
L 5.2324 -8.420354 5.2324 -8.59781618 21 P 2462
L 5.2324 -8.59781618 4.7244 -9.10581618 21 P 2463
L 4.7244 -9.10581618 4.7244 -9.2456 21 P 2464
L 5.2324 -8.420354 5.98043 -8.420354 21 P 2465
L 5.98043 -8.420354 6.171184 -8.2296 21 P 2466
L 4.7244 -9.2456 4.4196 -9.5504 21 P 2467
L 2.96658792 -10.13981208 3.3528 -9.7536 24 P 2468
L 3.3528 -9.7536 3.3528 -7.6490957 24 P 2469
L 3.3528 -7.6490957 3.0988 -7.3950957 24 P 2470
L 3.0988 -7.3950957 2.08596484 -7.3950957 24 P 2471
L 1.70472608 -15.6701998 1.08072682 -15.04620054 21 P 2472
L 1.08072682 -15.04620054 0.97110804 -15.04620054 21 P 2473
L 3.84654552 -15.14103906 4.62061306 -15.14103906 24 P 2478
L 4.62061306 -15.14103906 4.706874 -15.2273 24 P 2479
L 20.470622 -18.560542 19.2490725 -18.560542 21 P 2485
L 19.2490725 -18.560542 19.12234428 -18.68727022 21 P 2486
L 12.69120906 -18.16303962 12.69120906 -19.07596134 21 P 2487
L 12.69120906 -19.07596134 12.7838581 -19.16861038 21 P 2488
L 12.7838581 -19.16861038 12.7838581 -19.52566326 21 P 2489
L 12.7838581 -19.52566326 12.69120906 -19.6183123 21 P 2490
L 12.69120906 -19.6183123 12.69120906 -20.00640906 21 P 2491
L 12.69120906 -20.00640906 12.8016 -20.1168 21 P 2492
L 13.46429616 -20.11756962 13.66826578 -19.9136 21 P 2493
L 13.66826578 -19.9136 13.94968 -19.9136 21 P 2494
L 12.8016 -20.1168 13.46429616 -20.11756962 21 P 2495
L 16.99768 -18.9484 16.99768 -19.49877228 21 P 2496
L 16.99768 -19.49877228 16.90604696 -19.59040532 21 P 2497
L 16.90604696 -19.59040532 16.90604696 -19.59741572 21 P 2498
L 16.90604696 -19.59741572 16.69045938 -19.8130033 21 P 2499
L 9.89111306 -18.16303962 9.89111306 -19.6237606 21 P 2500
L 9.89111306 -19.6237606 9.8814001 -19.63347356 21 P 2501
L 9.8814001 -19.63347356 9.8814001 -19.76398384 21 P 2502
L 9.8814001 -19.76398384 8.76695478 -20.87842916 21 P 2503
L 10.528046 -21.844 10.3632 -21.844 21 P 2504
L 10.3632 -21.844 10.16 -22.0472 21 P 2505
L 10.16 -22.0472 9.2456 -22.0472 21 P 2506
L 9.2456 -22.0472 9.17347416 -22.11932584 21 P 2507
L 9.17347416 -22.50339416 9.22528 -22.5552 21 P 2508
L 10.24929878 -20.26839736 9.64929236 -20.86840378 21 P 2511
L 9.64929236 -20.86840378 9.50497718 -20.86840378 21 P 2512
L 9.97665264 -21.3695915 9.97665264 -20.82954686 21 P 2513
L 9.97665264 -20.82954686 10.3337995 -20.4724 21 P 2514
L 10.528046 -21.844 10.528046 -22.059646 24 P 2517
L 10.528046 -22.059646 10.58059352 -22.11219352 24 P 2518
L 10.58059352 -22.11219352 10.58059352 -22.12156612 24 P 2519
L 10.58059352 -22.12156612 10.74402728 -22.28499988 24 P 2520
L 10.74402728 -22.28499988 10.85499988 -22.28499988 24 P 2521
L 10.85499988 -22.28499988 11.0236 -22.4536 24 P 2522
L 11.8364 -23.114 11.98727092 -22.96312908 21 P 2523
L 11.98727092 -22.96312908 11.98727092 -22.60538532 21 P 2524
L 9.77392 -22.5552 10.414 -22.5552 21 P 2525
L 10.414 -22.5552 10.9728 -23.114 21 P 2526
L 10.9728 -23.114 11.8364 -23.114 21 P 2527
L 7.4168762 -18.37264042 7.6708 -18.11871408 21 P 2530
L 7.6708 -18.11871408 7.6708 -17.3228 21 P 2531
L 8.2877787 -17.47546162 8.40368906 -17.47546162 21 P 2532
L 7.5954001 -18.80364032 7.8478761 -18.55116432 21 P 2533
L 7.8478761 -18.55116432 7.8478761 -18.23014388 21 P 2534
L 7.8478761 -18.23014388 7.87480264 -18.2032148 21 P 2535
L 7.87480264 -18.2032148 7.87480264 -17.88843768 21 P 2536
L 7.87480264 -17.88843768 8.2877787 -17.47546162 21 P 2537
L 6.84110646 -18.82817418 6.86564032 -18.80364032 21 P 2541
L 6.86564032 -18.80364032 7.5954001 -18.80364032 21 P 2542
L 8.71016038 -18.16303962 7.90401772 -18.96918228 21 P 2545
L 7.90401772 -18.96918228 7.90401772 -19.10454904 21 P 2546
L 7.42277408 -19.25917408 7.69914894 -19.53554894 21 P 2547
L 7.44183678 -20.35341116 6.86892962 -20.35341116 21 P 2551
L 6.86892962 -20.35341116 6.858 -20.36434078 21 P 2552
L 3.1594298 -18.3684672 3.1594298 -17.9422298 24 P 2553
L 3.1594298 -17.9422298 3.1496 -17.9324 24 P 2554
L 3.64837472 -19.31322528 4.4196 -18.542 21 P 2557
L 4.4196 -18.542 5.94540594 -18.542 21 P 2558
L 5.94540594 -18.542 6.66258002 -19.25917408 21 P 2559
L 6.66258002 -19.25917408 7.42277408 -19.25917408 21 P 2560
L 6.78891708 -19.6596 6.7564 -19.69211708 21 P 2561
L 6.91707278 -20.87842916 5.6388 -20.87842916 25 P 2562
L 5.6388 -20.87842916 5.6388 -21.6916 25 P 2563
L 6.91707278 -21.67852916 6.34979934 -22.2458026 21 P 2564
L 6.34979934 -22.2458026 6.34979934 -22.43608416 21 P 2565
L 4.4704 -20.9111469 3.26042528 -19.70117472 21 P 2566
L 6.34979934 -22.43608416 6.23088416 -22.55499934 21 P 2567
L 7.84188678 -20.35341116 7.84188678 -20.14914944 21 P 2568
L 7.84188678 -20.14914944 7.35233734 -19.6596 21 P 2569
L 7.35233734 -19.6596 6.78891708 -19.6596 21 P 2570
L 7.69914894 -19.53554894 8.2804 -19.53554894 21 P 2571
L 8.2804 -19.53554894 8.2804 -20.31494794 21 P 2572
L 8.2804 -20.31494794 8.24193678 -20.35341116 21 P 2573
L 8.6868 -23.54072 8.6868 -23.59530968 21 P 2574
L 8.6868 -23.59530968 8.40910434 -23.87300534 21 P 2575
L 8.29273678 -22.20329316 8.92417316 -22.20329316 21 P 2576
L 8.92417316 -22.20329316 9.17347416 -22.45259416 21 P 2577
L 9.17347416 -22.45259416 9.22528 -22.5044 21 P 2578
L 9.17347416 -22.11932584 9.17347416 -22.45259416 21 P 2579
L 9.17347416 -22.45259416 9.17347416 -22.50339416 21 P 2580
L 8.68147362 -22.99208 8.6868 -22.99208 21 P 2581
L 7.89268678 -22.20329316 7.98973764 -22.30034402 21 P 2582
L 7.98973764 -22.30034402 7.98973764 -22.45380574 21 P 2583
L 7.98973764 -22.45380574 8.1672303 -22.6312984 21 P 2584
L 8.1672303 -22.6312984 8.32069202 -22.6312984 21 P 2585
L 8.32069202 -22.6312984 8.68147362 -22.99208 21 P 2586
L 7.7724 -22.6365181 7.7724 -22.99208 21 P 2587
L 7.49263678 -22.20329316 7.49263678 -22.35675488 21 P 2588
L 7.49263678 -22.35675488 7.7724 -22.6365181 21 P 2589
L 6.35 -21.4376 6.50912084 -21.27847916 21 P 2592
L 6.50912084 -21.27847916 6.96787278 -21.27847916 21 P 2593
L 6.23088416 -22.55499934 4.77499934 -22.55499934 21 P 2594
L 4.77499934 -22.55499934 4.4704 -22.2504 21 P 2595
L 4.4704 -22.2504 4.4704 -20.9111469 21 P 2596
L 7.2644 -23.6728 7.64032 -23.6728 21 P 2597
L 7.64032 -23.6728 7.7724 -23.54072 21 P 2598
