UNITS=MM

#Feature symbol names
$0 r149.9997
$1 r152.4

#Feature attribute names

#Layer features
L 0.997632679 -6.610035461 0.986525562 -5.4490862 0 P 1
L 0.986525562 -5.4490862 1.191531033 -5.19443208 0 P 1
L 1.191531033 -5.19443208 1.43735552 -5.19443208 0 P 1
A 1.43735552 -5.19443208 1.446967132 -5.190033099 1.43735552 -5.18173208 0 P 1 N
L 1.446967132 -5.190033099 3.590638232 -2.707912079 0 P 1
A 3.590638232 -2.707912079 3.59372662 -2.69961106 3.58102662 -2.69961106 0 P 1 N
L 3.59372662 -2.69961106 3.59372662 -2.412267531 0 P 1
L 3.59372662 -2.412267531 4.025467266 -2.048319271 0 P 1
L 4.025467266 -2.048319271 4.476244946 -1.700747354 0 P 1
L 4.476244946 -1.700747354 4.941273072 -1.373412511 0 P 1
L 4.941273072 -1.373412511 5.419858955 -1.066735929 0 P 1
L 5.419858955 -1.066735929 5.911314911 -0.781136314 0 P 1
L 5.911314911 -0.781136314 6.414950661 -0.517037476 0 P 1
L 6.414950661 -0.517037476 6.930078595 -0.274858072 0 P 1
L 6.930078595 -0.274858072 7.453612278 -0.05600446 0 P 1
L 7.453612278 -0.05600446 17.014493921 -0.05600446 0 P 1
L 17.014493921 -0.05600446 17.926613497 -0.417767394 0 P 1
L 17.926613497 -0.417767394 18.618217428 -0.855352342 0 P 1
L 18.618217428 -0.855352342 19.134927088 -1.173436542 0 P 1
L 19.134927088 -1.173436542 19.63479824 -1.514236954 0 P 1
L 19.63479824 -1.514236954 20.118382077 -1.876588571 0 P 1
L 20.118382077 -1.876588571 20.585677432 -2.259016212 0 P 1
L 20.585677432 -2.259016212 21.03243698 -2.656255632 0 P 1
L 21.03243698 -2.656255632 21.03243698 -2.89749738 0 P 1
A 21.03243698 -2.89749738 21.035523411 -2.905796132 21.04513698 -2.89749738 0 P 1 N
L 21.035523411 -2.905796132 23.178648411 -5.388468332 0 P 1
A 23.178648411 -5.388468332 23.18826198 -5.39286958 23.18826198 -5.38016958 0 P 1 N
L 23.18826198 -5.39286958 23.319906407 -5.39286958 0 P 1
L 23.319906407 -5.39286958 23.617830631 -5.899255204 0 P 1
L 23.617830631 -5.899255204 23.898441879 -6.424805785 0 P 1
L 23.898441879 -6.424805785 24.155560728 -6.964410476 0 P 1
L 24.155560728 -6.964410476 24.38547828 -7.516463629 0 P 1
L 24.38547828 -7.516463629 24.38547828 -15.004166025 0 P 1
L 24.38547828 -15.004166025 23.874052987 -15.853605561 0 P 1
A 23.874052987 -15.853605561 23.872450705 -15.857815768 23.88493318 -15.86015624 0 P 1 N
L 23.872450705 -15.857815768 23.422233919 -18.259910694 0 P 1
L 23.422233919 -18.259910694 23.408256966 -18.981860367 0 P 1
L 23.408256966 -18.981860367 23.198558629 -19.29667972 0 P 1
L 23.198558629 -19.29667972 22.9677849 -19.29667972 0 P 1
A 22.9677849 -19.29667972 22.958173294 -19.301078694 22.9677849 -19.30937972 0 P 1 N
L 22.958173294 -19.301078694 20.814497114 -21.783202254 0 P 1
A 20.814497114 -21.783202254 20.81140872 -21.79150328 20.82410872 -21.79150328 0 P 1 N
L 20.81140872 -21.79150328 20.81140872 -21.990682987 0 P 1
L 20.81140872 -21.990682987 20.38031481 -22.357457973 0 P 1
L 20.38031481 -22.357457973 19.931612207 -22.711752568 0 P 1
L 19.931612207 -22.711752568 19.469145971 -23.048437027 0 P 1
L 19.469145971 -23.048437027 18.992613163 -23.365904272 0 P 1
L 18.992613163 -23.365904272 18.501713204 -23.662532413 0 P 1
L 18.501713204 -23.662532413 17.996136937 -23.936713081 0 P 1
L 17.996136937 -23.936713081 17.475582026 -24.186838385 0 P 1
L 17.475582026 -24.186838385 16.942099963 -24.41030424 0 P 1
L 16.942099963 -24.41030424 7.422762671 -24.41030424 0 P 1
L 7.422762671 -24.41030424 6.883258759 -24.183680833 0 P 1
L 6.883258759 -24.183680833 6.355196487 -23.933040619 0 P 1
L 6.355196487 -23.933040619 5.840916547 -23.659864402 0 P 1
L 5.840916547 -23.659864402 5.34093632 -23.364847116 0 P 1
L 5.34093632 -23.364847116 4.855778376 -23.048683708 0 P 1
L 4.855778376 -23.048683708 4.385967872 -22.712074188 0 P 1
L 4.385967872 -22.712074188 3.932014812 -22.355713506 0 P 1
L 3.932014812 -22.355713506 3.49888048 -21.984100698 0 P 1
L 3.49888048 -21.984100698 3.49888048 -21.65094222 0 P 1
A 3.49888048 -21.65094222 3.495793147 -21.642642423 3.48618048 -21.65094222 0 P 1 N
L 3.495793147 -21.642642423 1.352670687 -19.160518863 0 P 1
A 1.352670687 -19.160518863 1.34305802 -19.15611866 1.34305802 -19.16881866 0 P 1 N
L 1.34305802 -19.15611866 1.177061984 -19.15611866 0 P 1
L 1.177061984 -19.15611866 0.909739592 -18.782082384 0 P 1
L 0.909739592 -18.782082384 0.897331034 -18.207401597 0 P 1
L 0.897331034 -18.207401597 0.297329694 -15.507401917 0 P 1
A 0.297329694 -15.507401917 0.296419236 -15.504740652 0.28493212 -15.51015694 0 P 1 N
L 0.296419236 -15.504740652 0.01081532 -14.899018554 0 P 1
L 0.01081532 -14.899018554 0.01081532 -9.482870463 0 P 1
L 0.01081532 -9.482870463 0.496012801 -8.616362847 0 P 1
A 0.496012801 -8.616362847 0.497252528 -8.61323825 0.48493172 -8.61015804 0 P 1 N
L 0.497252528 -8.61323825 0.997254068 -6.61323717 0 P 1
A 0.997254068 -6.61323717 0.997632679 -6.610035461 0.98493326 -6.61015696 0 P 1 N
L 1.18545102 -5.18173208 0.97378266 -5.44466272 0 P 2
L 1.43735552 -5.18173208 1.18545102 -5.18173208 0 P 2
L 3.58102662 -2.69961106 1.43735552 -5.18173208 0 P 2
L 3.58102662 -2.40636298 3.58102662 -2.69961106 0 P 2
L 4.01728178 -2.03860908 3.58102662 -2.40636298 0 P 2
L 4.46848992 -1.69069004 4.01728178 -2.03860908 0 P 2
L 4.9339627 -1.3630275 4.46848992 -1.69069004 0 P 2
L 5.4130067 -1.0560431 4.9339627 -1.3630275 0 P 2
L 5.90493358 -0.77015594 5.4130067 -1.0560431 0 P 2
L 6.40905246 -0.5057902 5.90493358 -0.77015594 0 P 2
L 6.924675 -0.26336498 6.40905246 -0.5057902 0 P 2
L 7.4510646 -0.04330446 6.924675 -0.26336498 0 P 2
L 17.0169205 -0.04330446 7.4510646 -0.04330446 0 P 2
L 18.62487512 -0.8445373 17.9324 -0.4064 0 P 2
L 19.14158478 -1.1626215 18.62487512 -0.8445373 0 P 2
L 19.64195208 -1.5037435 19.14158478 -1.1626215 0 P 2
L 20.12599734 -1.86642502 19.64195208 -1.5037435 0 P 2
L 20.59372056 -2.24918778 20.12599734 -1.86642502 0 P 2
L 21.04513698 -2.6505535 20.59372056 -2.24918778 0 P 2
L 21.04513698 -2.89749738 21.04513698 -2.6505535 0 P 2
L 23.18826198 -5.38016958 21.04513698 -2.89749738 0 P 2
L 23.3271695 -5.38016958 23.18826198 -5.38016958 0 P 2
L 23.62877672 -5.89281524 23.3271695 -5.38016958 0 P 2
L 23.90964484 -6.41882384 23.62877672 -5.89281524 0 P 2
L 24.16702558 -6.95894722 23.90964484 -6.41882384 0 P 2
L 24.39817828 -7.51392452 24.16702558 -6.95894722 0 P 2
L 24.39817828 -15.00769414 24.39817828 -7.51392452 0 P 2
L 23.88493318 -15.86015624 24.39817828 -15.00769414 0 P 2
L 23.43493154 -18.26015652 23.88493318 -15.86015624 0 P 2
L 23.4208828 -18.9858142 23.43493154 -18.26015652 0 P 2
L 23.20535872 -19.30937972 23.4208828 -18.9858142 0 P 2
L 22.9677849 -19.30937972 23.20535872 -19.30937972 0 P 2
L 20.82410872 -21.79150328 22.9677849 -19.30937972 0 P 2
L 20.82410872 -21.9965524 20.82410872 -21.79150328 0 P 2
L 20.38854444 -22.36713078 20.82410872 -21.9965524 0 P 2
L 19.9394826 -22.72171986 20.38854444 -22.36713078 0 P 2
L 19.47662094 -23.0587042 19.9394826 -22.72171986 0 P 2
L 18.99965466 -23.37647344 19.47662094 -23.0587042 0 P 2
L 18.5082815 -23.67340198 18.99965466 -23.37647344 0 P 2
L 18.00219158 -23.94787692 18.5082815 -23.67340198 0 P 2
L 17.48108264 -24.19828536 18.00219158 -23.94787692 0 P 2
L 16.94465242 -24.42300424 17.48108264 -24.19828536 0 P 2
L 7.4202036 -24.42300424 16.94465242 -24.42300424 0 P 2
L 6.87834032 -24.19538976 7.4202036 -24.42300424 0 P 2
L 6.34975108 -23.94451396 6.87834032 -24.19538976 0 P 2
L 5.83495912 -23.67108042 6.34975108 -23.94451396 0 P 2
L 5.3344826 -23.3757851 5.83495912 -23.67108042 0 P 2
L 4.84884476 -23.05932396 5.3344826 -23.3757851 0 P 2
L 4.37857138 -22.72239804 4.84884476 -23.05932396 0 P 2
L 3.924173 -22.3657033 4.37857138 -22.72239804 0 P 2
L 3.48618048 -21.98993824 3.924173 -22.3657033 0 P 2
L 3.48618048 -21.65094222 3.48618048 -21.98993824 0 P 2
L 1.34305802 -19.16881866 3.48618048 -21.65094222 0 P 2
L 1.17052852 -19.16881866 1.34305802 -19.16881866 0 P 2
L 0.89712546 -18.78627434 1.17052852 -19.16881866 0 P 2
L 0.88493346 -18.21015662 0.89712546 -18.78627434 0 P 2
L 0.28493212 -15.51015694 0.88493346 -18.21015662 0 P 2
L -0.00188468 -14.9018625 0.28493212 -15.51015694 0 P 2
L -0.00188468 -9.47955686 -0.00188468 -14.9018625 0 P 2
L 0.48493172 -8.61015804 -0.00188468 -9.47955686 0 P 2
L 0.98493326 -6.61015696 0.48493172 -8.61015804 0 P 2
L 0.97378266 -5.44466272 0.98493326 -6.61015696 0 P 2
L 17.0169205 -0.04330446 17.9324 -0.4064 1 P 2
