UNITS=MM

#Feature symbol names
$0 r99.9998

#Feature attribute names

#Layer features
L 20.59002486 -2.2498431 20.12230164 -1.8670778 0 P 135
L 20.12230164 -1.8670778 19.63825638 -1.50439882 0 P 135
L -0.00558038 -9.48021218 -0.00558038 -14.90251782 0 P 136
L -0.00558038 -14.90251782 0.36538662 -15.73871122 0 P 136
L 0.88186006 -18.05436826 0.89342976 -18.7869322 0 P 137
L 0.89342976 -18.7869322 1.16683282 -19.16947398 0 P 137
L 1.16683282 -19.16947398 1.33936232 -19.16947398 0 P 137
L 1.33936232 -19.16947398 3.48248478 -21.651595 0 P 137
L 3.48248478 -21.651595 3.48248478 -21.99059356 0 P 137
L 3.48248478 -21.99059356 3.9204773 -22.36635862 0 P 137
L 3.9204773 -22.36635862 4.37487568 -22.72305336 0 P 137
L 4.37487568 -22.72305336 4.84514906 -23.05997928 0 P 137
L 4.84514906 -23.05997928 5.3307869 -23.37644042 0 P 137
L 5.3307869 -23.37644042 5.83126342 -23.67173574 0 P 137
L 5.83126342 -23.67173574 6.34605538 -23.94516928 0 P 137
L 6.34605538 -23.94516928 6.87464462 -24.19604508 0 P 137
L 6.87464462 -24.19604508 7.4165079 -24.42365956 0 P 137
L 7.4165079 -24.42365956 16.94095672 -24.42365956 0 P 137
L 16.94095672 -24.42365956 17.4773844 -24.19894068 0 P 137
L 17.4773844 -24.19894068 17.99849334 -23.94853224 0 P 137
L 17.99849334 -23.94853224 18.5045858 -23.6740573 0 P 137
L 18.5045858 -23.6740573 18.99595896 -23.37712876 0 P 137
L 18.99595896 -23.37712876 19.47292524 -23.05935952 0 P 137
L 19.47292524 -23.05935952 19.9357869 -22.72237518 0 P 137
L 19.9357869 -22.72237518 20.38484874 -22.3677861 0 P 137
L 20.38484874 -22.3677861 20.82041302 -21.99721026 0 P 137
L 20.82041302 -21.99721026 20.82041302 -21.79215606 0 P 137
L 20.82041302 -21.79215606 22.96408666 -19.31003504 0 P 137
L 22.96408666 -19.31003504 23.20166302 -19.31003504 0 P 137
L 23.20166302 -19.31003504 23.4171871 -18.98646952 0 P 137
L 23.4171871 -18.98646952 23.43372504 -18.14972748 0 P 137
